01202
01203
01205
01206
01209
01210
01213
01215
01216
01218
01219
01220
01221
01222
01223
01225
01226
01229
01230
01233
01234
01235
01236
01331
01332
01334
01337
01343
01345
01346
01347
01362
01363
01364
01367
01370
01371
01392
01393
01394
01395
01396
01398
01399
01400
01401
01402
01403
01404
01405
01406
01407
01408
01409
01423
01424
01425
01428
01429
01430
01431
01432
01433
01434
01436
01437
01438
01452
01453
01455
01456
01458
01460
01461
01462
01463
01464
01465
01469
01470
01471
01472
01482
01483
01484
01485
01486
01487
01512
01513
01516
01520
01543
01544
01545
01546
01549
01550
01552
01555
01559
01562
01563
01564
01571
01575
01578
01581
01585
01601
01604
01608
01609
01631
01632
01633
01634
01635
01636
01637
01638
01639
01641
01642
01643
01644
01645
01647
01648
01649
01661
01665
01667
01668
01691
01693
01694
02201
02202
02203
02205
02206
02207
02209
02210
02303
02304
02307
02321
02323
02343
02361
02362
02367
02381
02384
02387
02401
02406
02408
02412
02423
02424
02425
02426
02441
02442
02443
02445
02446
02450
04100
04202
04205
04208
04211
04213
04214
04301
04322
04323
04324
04341
04421
04422
04444
04501
04505
04581
05201
05202
05203
05204
05206
05207
05209
05210
05211
05212
05214
05215
05303
05327
05346
05348
05349
05361
05363
05366
05368
05434
05464
06201
06202
06204
06205
06206
06208
06210
06211
06212
06213
06302
06321
06322
06323
06324
06362
06363
06382
06402
06403
06426
07202
07203
07205
07207
07208
07210
07211
07214
07322
07344
07364
07367
07368
07405
07407
07408
07421
07422
07423
07445
07446
07447
07461
07464
07465
07466
07481
07483
07501
07505
07521
07522
07542
07543
07546
07548
08223
08231
08233
08234
08302
08364
08443
08546
08564
09201
09202
09203
09204
09205
09206
09208
09209
09210
09211
09213
09214
09215
09216
09301
09342
09343
09345
09361
09364
09386
09407
09411
10201
10202
10203
10204
10205
10206
10207
10208
10209
10210
10211
10212
10344
10345
10366
10367
10382
10383
10384
10421
10424
10425
10426
10428
10429
10443
10444
10448
10449
10464
10521
10522
10523
10524
10525
11100
11201
11214
11215
11217
11219
11221
11222
11223
11224
11225
11228
11231
11232
11237
11241
11245
11301
11346
11349
11365
11369
11442
11465
12100
12202
12203
12204
12205
12206
12207
12208
12210
12211
12212
12213
12215
12216
12217
12218
12219
12220
12221
12222
12223
12224
12225
12226
12227
12228
12230
12231
12232
12233
12234
12235
12236
12237
12238
12239
12322
12329
12342
12347
12349
12403
12409
12422
12423
12424
12427
12441
12443
12463
13102
13103
13104
13105
13106
13107
13108
13109
13110
13111
13112
13113
13114
13116
13117
13119
13121
13122
13123
13201
13203
13204
13205
13206
13207
13208
13209
13210
13211
13214
13215
13218
13219
13220
13221
13222
13224
13225
13227
13303
13305
13361
13362
13364
13381
13382
13401
13402
14100
14130
14150
14201
14203
14204
14207
14208
14210
14211
14212
14213
14214
14215
14216
14217
14301
14321
14341
14363
14364
14383
14401
14402
15205
15208
15216
15217
15222
15223
15225
15226
15342
15385
15405
15461
15586
16202
16204
16205
16206
16207
16209
16210
16211
16321
16322
16323
16342
16343
17202
17204
17206
17207
17209
17210
17211
17212
17361
17365
17384
17461
17463
18201
18202
18206
18207
18208
18209
18210
18382
18404
18483
18501
19201
19204
19205
19206
19209
19210
19211
19212
19213
19214
19346
19364
19365
19366
19368
19384
19422
19423
19424
19425
19429
19430
19442
19443
20201
20202
20209
20210
20211
20213
20214
20215
20220
20324
20382
20383
20384
20385
20386
20388
20403
20410
20411
20412
20414
20415
20417
20422
20423
20429
20432
20448
20451
20452
20482
20486
20543
20561
20562
20583
20588
20590
20602
21201
21202
21203
21204
21205
21206
21207
21208
21209
21210
21211
21212
21213
21214
21216
21217
21218
21219
21220
21221
21302
21303
21341
21361
21362
21382
21383
21401
21404
21421
21501
21502
21503
21504
21505
21506
21507
21521
21604
22305
23201
23202
23203
23205
23206
23208
23209
23210
23211
23213
23215
23216
23217
23219
23221
23222
23223
23224
23226
23227
23228
23230
23231
23232
23233
23234
23236
23237
23238
23302
23342
23362
23424
23425
23442
23445
23561
23563
24201
24202
24203
24205
24207
24208
24209
24210
24211
24212
24214
24215
24216
24303
24324
24341
24343
24344
24441
24442
24443
24461
24470
24471
24472
24543
24561
24562
25202
25203
25204
25209
25211
25212
25213
25214
25383
25384
25425
25441
25442
25443
26201
26206
26322
26364
26365
26367
27207
27231
28201
28202
28203
28204
28206
28207
28208
28209
28210
28212
28213
28216
28217
28218
28219
28221
28223
28224
28225
28226
28227
28228
28229
28301
28365
28381
28442
28443
28464
28586
29202
29204
29205
29208
29209
29211
29342
29343
29385
29401
29402
29441
29443
29446
29447
29449
29453
30201
30202
30203
30204
30205
30206
30207
30208
30209
30304
30341
30343
30344
30361
30362
30366
30381
30390
30391
30404
30406
30421
30424
30427
30428
31201
31203
31204
31302
31325
31328
31329
31364
31370
31371
31372
31384
31386
31389
31401
31403
32201
32202
32205
32206
32207
32386
32448
32449
32505
32525
32526
33100
33202
33204
33207
33208
33210
33211
33212
33214
33215
33216
33346
33423
33461
33606
33643
33663
33666
33681
34208
34210
34211
34212
34309
34545
35201
35202
35203
35204
35206
35207
35208
35210
35211
35212
35213
35215
35216
35305
35321
35341
35343
35344
35502
36201
36202
36203
36204
36207
36208
36301
36302
36321
36341
36342
36383
36387
36388
36401
36402
36403
36405
37201
37202
37204
37205
37206
37207
37208
37324
37341
37364
37387
37403
37404
37406
38201
38202
38203
38204
38205
38206
38207
38214
38215
38386
38401
38402
38422
38484
38488
38506
39203
39204
39206
39208
39210
39211
39212
39301
39303
39305
39306
39341
39344
39363
39364
39386
39387
39401
39403
39405
39410
39411
39412
39424
39428
40100
40130
40202
40203
40204
40205
40206
40211
40212
40214
40215
40216
40217
40219
40221
40223
40225
40226
40227
40228
40229
40230
40231
40341
40342
40343
40345
40381
40382
40383
40384
40401
40421
40447
40503
40522
40601
40602
40608
40609
40621
40625
40647
41205
41341
41345
41387
41424
41425
42209
42211
42323
43100
43205
43206
43208
43211
43213
43214
43215
43216
43348
43364
43368
43369
43403
43404
43425
43441
43442
43443
43444
43447
43468
43482
43484
43506
43510
43511
43513
44201
44202
44203
44204
44206
44207
44208
44211
44213
44322
44341
44461
44462
45201
45202
45206
45207
45208
45361
45382
45383
45401
45402
45403
45404
45405
45406
45421
45429
45430
45431
45441
45442
45443
46201
46203
46204
46206
46210
46214
46215
46216
46217
46218
46219
46221
46222
46223
46224
46225
46303
46304
46392
46468
46490
46491
46492
46501
46523
46524
46525
46527
46529
46530
46531
46532
46533
46534
46535
